0.05 0.01 0.07 0.01 0.92 0.18 0.91 0.85 0.06 0.82 0.08 0.11 0.08 0.00 0.04 0.04 0.03 0.86 0.07 0.03 
0.01 0.03 0.05 0.02 0.90 0.86 0.10 0.09 0.08 0.08 0.07 0.08 0.05 0.02 0.06 0.03 0.03 0.11 0.03 0.06 
0.07 0.05 0.07 0.04 0.85 0.12 0.09 0.05 0.10 0.79 0.06 0.09 0.84 0.07 0.77 0.04 0.04 0.12 0.07 0.05 
0.01 0.02 0.04 0.07 1.00 0.86 0.85 0.14 0.84 0.11 0.87 0.83 0.03 0.06 0.07 0.04 0.04 0.10 0.02 0.08 
0.92 0.90 0.85 1.00 0.07 0.72 0.81 0.15 0.85 0.12 0.87 0.81 0.84 0.94 0.19 0.92 0.17 0.04 0.86 0.14 
0.18 0.86 0.12 0.86 0.72 0.14 0.16 0.79 0.12 0.77 0.10 0.13 0.14 0.85 0.80 0.86 0.86 0.04 0.15 0.05 
0.91 0.10 0.09 0.85 0.81 0.16 0.15 0.77 0.94 0.80 0.84 0.15 0.15 0.87 0.82 0.07 0.10 0.83 0.13 0.84 
0.85 0.09 0.05 0.14 0.15 0.79 0.77 0.18 0.84 0.15 0.06 0.79 0.83 0.14 0.14 0.09 0.84 0.86 0.81 0.11 
0.06 0.08 0.10 0.84 0.85 0.12 0.94 0.84 0.05 0.06 0.88 0.12 0.07 0.05 0.05 0.84 0.07 0.05 0.08 0.06 
0.82 0.08 0.79 0.11 0.12 0.77 0.80 0.15 0.06 0.12 0.07 0.02 0.81 0.12 0.09 0.10 0.09 0.09 0.06 0.06 
0.08 0.07 0.06 0.87 0.87 0.10 0.84 0.06 0.88 0.07 0.14 0.84 0.09 0.85 0.10 0.06 0.07 0.08 0.08 0.85 
0.11 0.08 0.09 0.83 0.81 0.13 0.15 0.79 0.12 0.02 0.84 0.15 0.10 0.11 0.76 0.09 0.79 0.07 0.12 0.79 
0.08 0.05 0.84 0.03 0.84 0.14 0.15 0.83 0.07 0.81 0.09 0.10 0.07 0.03 0.03 0.81 0.07 0.06 0.12 0.04 
0.00 0.02 0.07 0.06 0.94 0.85 0.87 0.14 0.05 0.12 0.85 0.11 0.03 0.04 0.06 0.07 0.04 0.10 0.77 0.08 
0.04 0.06 0.77 0.07 0.19 0.80 0.82 0.14 0.05 0.09 0.10 0.76 0.03 0.06 0.07 0.09 0.06 0.08 0.06 0.07 
0.04 0.03 0.04 0.04 0.92 0.86 0.07 0.09 0.84 0.10 0.06 0.09 0.81 0.07 0.09 0.04 0.04 0.13 0.02 0.09 
0.03 0.03 0.04 0.04 0.17 0.86 0.10 0.84 0.07 0.09 0.07 0.79 0.07 0.04 0.06 0.04 0.08 0.86 0.06 0.05 
0.86 0.11 0.12 0.10 0.04 0.04 0.83 0.86 0.05 0.09 0.08 0.07 0.06 0.10 0.08 0.13 0.86 0.08 0.83 0.06 
0.07 0.03 0.07 0.02 0.86 0.15 0.13 0.81 0.08 0.06 0.08 0.12 0.12 0.77 0.06 0.02 0.06 0.83 0.07 0.06 
0.03 0.06 0.05 0.08 0.14 0.05 0.84 0.11 0.06 0.06 0.85 0.79 0.04 0.08 0.07 0.09 0.05 0.06 0.06 0.07 
