0.00 0.98 0.98 0.98 0.98 0.98 0.98 0.98 0.98 0.98 0.98 0.98 0.98 0.98 
0.98 0.25 0.95 0.23 0.27 0.18 0.20 0.19 0.22 0.26 0.19 0.26 0.23 0.97 
0.98 0.95 0.24 0.94 0.20 0.27 0.16 0.22 0.26 0.22 0.18 0.22 0.29 0.24 
0.98 0.23 0.94 0.21 0.95 0.18 0.29 0.23 0.22 0.18 0.24 0.22 0.23 0.28 
0.98 0.27 0.20 0.95 0.19 0.97 0.25 0.29 0.16 0.24 0.22 0.25 0.20 0.21 
0.98 0.18 0.27 0.18 0.97 0.26 0.96 0.17 0.31 0.20 0.25 0.20 0.24 0.19 
0.98 0.20 0.16 0.29 0.25 0.96 0.18 0.98 0.21 0.32 0.18 0.24 0.19 0.21 
0.98 0.19 0.22 0.23 0.29 0.17 0.98 0.22 1.00 0.19 0.31 0.17 0.21 0.20 
0.98 0.22 0.26 0.22 0.16 0.31 0.21 1.00 0.20 0.98 0.18 0.28 0.18 0.19 
0.98 0.26 0.22 0.18 0.24 0.20 0.32 0.19 0.98 0.19 0.95 0.19 0.26 0.20 
0.98 0.19 0.18 0.24 0.22 0.25 0.18 0.31 0.18 0.95 0.20 0.93 0.21 0.33 
0.98 0.26 0.22 0.22 0.25 0.20 0.24 0.17 0.28 0.19 0.93 0.22 1.00 0.21 
0.98 0.23 0.29 0.23 0.20 0.24 0.19 0.21 0.18 0.26 0.21 1.00 0.22 0.93 
0.98 0.97 0.24 0.28 0.21 0.19 0.21 0.20 0.19 0.20 0.33 0.21 0.93 0.24 
